distortion_coefficients:
- - 0.2094713265864017
  - -1.090681319009617
  - -0.003100364265236639
  - -0.0047126175020833615
  - 2.850360493640955
intrinsic_matrix:
- - 3021.047790590458
  - 0.0
  - 1055.8569249544082
- - 0.0
  - 3015.4031160950613
  - 1915.3303503335123
- - 0.0
  - 0.0
  - 1.0
reprojection_errors:
- 0.09858285204376464
- 0.09161403101652847
- 0.06499783244817087
- 0.10043335367639228
- 0.08931285003458589
- 0.12866709326605433
- 0.07168272226580212
- 0.08001005894751032
- 0.08061689628450791
rvecs:
- - - 0.2286687404243256
  - - 0.044782009368271834
  - - 0.0023027375139867343
- - - 0.06468359198478985
  - - 0.05268020920234686
  - - 0.013182839256670487
- - - -0.14746457107267263
  - - 0.3793665721468144
  - - -0.06806938110946292
- - - 0.19038575944853578
  - - -0.18269024464578446
  - - 0.10985953077842663
- - - 0.16136320010430033
  - - 0.055954173311408416
  - - 0.01026263991192301
- - - -0.10403236667032026
  - - 0.034247538318274984
  - - 0.02616347682371273
- - - -0.13788860649535425
  - - 0.1631928566749428
  - - -0.02290090041056189
- - - -0.12551893491919225
  - - 0.07305618267400293
  - - 0.016373705155424943
- - - -0.11737876730229097
  - - -0.16556021102280816
  - - -0.010707143955115957
tvecs:
- - - -2.9812224837138963
  - - -0.5224609113577113
  - - 15.019658294114228
- - - -2.785288131432048
  - - -1.0440921601395927
  - - 15.909289267388239
- - - -3.833362504522769
  - - 0.251698035639435
  - - 18.72366694692381
- - - -2.283600676991949
  - - -0.5272239882445154
  - - 14.780530062396567
- - - -2.9109679773886423
  - - -0.7628093755974169
  - - 15.484818691115747
- - - -2.758892781479877
  - - -0.27323643516733914
  - - 16.91297199868404
- - - -4.656122678344664
  - - 0.018507496823953074
  - - 18.113334169577456
- - - -3.3741709227052947
  - - -0.26889319121350896
  - - 17.68758732233112
- - - -2.605470122390031
  - - 0.14151529518125575
  - - 17.104080672466367
